71 72 72 72 72 72 72 72 72 46 72 72 72 72 72 72 72 72 72 72 72 72 72 72 72 72 51 72 72 72 72 72 72 72 72 72 72 72 72 72 54 72 72 72 72 72 72 72 72 73
85 86 46 86 86 86 86 86 86 86 86 86 86 86 86 86 86 86 86 50 86 86 86 86 86 86 86 86 86 86 86 54 86 86 86 86 86 86 86 86 86 86 86 86 86 86 86 86 86 87
99 103 103 103 103 103 103 103 103 103 103 103 103 103 103 103 103 103 103 103 103 103 103 103 103 103 103 103 103 103 103 103 103 103 103 103 103 103 103 103 103 103 103 103 103 103 103 103 103 101
113 117 117 117 117 117 117 117 117 117 117 117 117 117 117 117 117 117 117 117 117 117 117 117 117 117 117 117 117 117 117 117 117 117 117 117 117 117 117 117 117 117 117 117 117 117 117 117 117 115
44 44 44 44 44 44 44 44 44 44 44 44 44 44 44 44 44 44 44 44 44 44 44 44 44 44 44 44 44 44 44 44 44 44 44 44 44 44 44 44 44 44 44 44 44 44 44 44 44 44
44 44 44 44 44 44 44 44 44 44 44 44 44 44 44 44 44 44 44 44 44 44 44 44 44 44 44 44 44 44 44 44 44 44 44 44 44 44 44 44 44 44 44 44 44 44 44 44 44 44
44 44 44 44 44 44 44 44 44 44 44 44 44 44 44 44 44 44 44 44 44 44 44 44 44 44 44 44 44 44 44 44 44 44 44 44 44 44 44 44 44 44 44 44 44 44 44 44 44 44
44 44 44 44 44 44 44 44 44 44 44 44 44 44 44 44 44 44 44 44 44 44 44 44 44 44 44 44 44 44 44 44 44 44 44 44 44 44 44 44 44 44 44 44 44 44 44 44 44 44
44 44 44 44 44 44 44 44 44 44 44 44 44 44 44 44 44 44 44 44 44 44 44 44 44 44 44 44 44 44 44 44 44 44 44 44 44 44 44 44 44 44 44 44 44 44 44 44 44 44
44 44 44 44 44 44 44 44 44 44 44 44 44 44 44 44 44 44 44 44 44 44 44 44 44 44 44 44 44 44 44 44 44 44 44 44 44 44 44 44 44 44 44 44 44 44 44 44 44 44
44 44 44 44 44 44 44 44 44 44 44 44 44 44 44 44 44 44 44 44 44 44 44 44 44 44 44 44 44 44 44 44 44 44 44 44 44 44 44 44 48 44 44 44 44 44 44 44 44 44
44 44 44 44 44 44 44 44 44 44 44 44 44 44 44 44 44 44 44 44 44 44 44 44 44 44 44 44 44 62 44 44 44 44 44 44 44 44 44 44 44 44 44 44 44 44 48 44 44 44
30 30 30 30 30 30 30 30 30 30 30 30 30 30 30 30 30 30 30 30 3 44 44 44 44 44 44 44 44 44 44 44 44 44 44 44 44 44 44 44 44 44 44 44 44 44 44 44 44 44
44 44 44 44 44 44 60 44 44 44 44 44 44 44 60 44 44 44 44 44 17 44 44 44 44 44 44 44 44 44 44 44 44 44 44 44 44 44 44 44 44 44 44 44 44 44 44 44 44 44
44 44 44 44 44 44 44 44 60 44 44 44 44 44 44 44 44 44 44 44 17 44 44 44 44 44 44 44 44 44 44 44 44 44 44 44 44 44 44 44 44 44 44 44 44 44 44 44 44 44
44 44 44 44 44 44 44 44 44 44 44 44 44 44 44 44 44 44 44 44 17 44 44 44 44 44 44 44 44 44 44 44 44 44 44 44 44 44 44 44 44 44 44 44 44 44 44 44 48 44
44 44 44 44 44 44 44 44 44 44 44 44 44 44 44 44 44 44 44 44 17 44 44 44 44 44 44 44 44 44 44 44 44 44 44 44 44 44 44 48 44 44 44 44 44 44 44 44 44 44
44 44 44 44 44 44 44 44 44 44 44 44 44 44 44 44 44 44 44 44 17 44 44 44 44 44 44 44 44 44 44 44 44 44 44 44 44 44 44 44 44 44 44 44 44 44 44 44 44 44
44 44 44 44 44 44 44 44 44 44 44 44 44 44 44 44 44 44 44 44 17 62 44 44 44 44 44 44 44 44 44 44 44 44 44 44 44 44 44 44 44 44 44 138 139 139 139 139 139 139
44 44 44 44 44 44 44 44 44 44 44 44 44 44 44 44 44 44 44 44 17 44 44 44 44 44 44 44 44 44 44 44 44 44 44 44 44 44 44 44 44 44 44 152 153 153 153 153 153 153
44 44 44 44 44 44 44 44 44 44 44 44 44 44 44 44 44 44 44 44 17 44 44 44 44 44 44 44 44 44 44 44 44 44 44 44 44 44 44 44 44 44 44 152 153 153 153 153 153 153
44 44 44 48 44 44 44 44 44 44 44 44 44 44 44 44 44 44 44 44 17 44 44 44 44 44 60 44 44 44 44 44 44 44 44 44 44 44 44 44 44 44 44 152 153 153 153 153 153 153
44 44 44 44 44 44 44 44 44 44 44 44 44 44 44 44 44 44 44 44 29 30 30 30 22 30 30 30 30 30 30 30 30 30 30 30 30 30 30 30 30 3 44 152 153 153 153 153 153 153
44 44 44 44 44 44 44 44 44 44 48 44 44 44 44 44 44 44 44 44 44 44 44 44 17 44 44 44 44 44 44 44 44 44 62 44 44 44 44 44 44 17 44 152 153 153 153 153 153 153
44 44 51 44 44 44 44 51 44 44 44 44 44 44 44 44 44 44 44 44 44 44 44 44 17 44 44 44 44 44 44 44 44 44 44 44 44 48 44 44 44 17 44 152 153 153 153 153 153 153
44 44 44 44 44 44 44 44 44 44 44 44 44 44 44 44 44 44 44 44 44 44 44 44 17 44 44 44 44 44 44 44 44 48 44 51 44 44 44 44 44 17 44 152 153 153 153 153 153 153
44 44 44 44 44 138 139 139 139 139 139 140 44 44 44 44 44 44 44 44 44 44 44 44 17 44 44 44 44 44 44 44 44 44 44 44 44 44 44 44 44 17 44 152 153 153 153 153 153 153
44 44 48 44 44 152 153 153 153 153 153 154 44 44 50 44 44 44 44 44 48 44 44 44 17 44 44 44 44 44 44 44 44 44 44 44 44 51 44 44 44 17 44 152 153 153 153 153 153 153
44 44 44 44 44 152 153 153 153 153 153 154 44 44 44 44 44 44 44 44 44 44 44 44 17 44 44 44 44 44 44 44 44 44 44 44 44 44 44 44 51 29 30 110 153 153 153 153 153 153
44 44 44 44 44 152 153 153 153 153 153 154 44 44 44 44 44 44 44 44 44 44 44 44 17 44 44 44 44 44 44 44 44 44 44 51 44 44 44 44 44 44 44 152 153 153 153 153 153 153
44 44 44 44 44 152 153 153 153 153 153 154 44 44 44 44 44 44 44 44 44 44 44 44 17 44 44 44 44 44 44 44 44 44 44 44 44 44 44 44 44 44 44 152 153 153 153 153 153 153
44 44 44 44 44 152 153 153 153 153 153 154 44 44 44 44 44 44 44 44 44 44 62 44 17 44 44 44 44 44 44 44 54 44 44 44 44 48 44 44 44 44 44 152 153 153 153 153 153 153
44 44 44 44 44 166 167 167 167 167 167 168 44 50 44 44 44 44 44 54 44 44 44 44 17 44 44 44 44 44 44 44 44 44 44 44 44 44 44 44 44 44 44 152 153 153 153 153 153 153
44 44 50 44 44 44 44 44 44 44 44 44 44 44 44 44 48 44 44 44 44 44 44 44 17 44 44 44 44 44 44 44 44 44 44 44 44 44 44 44 44 44 44 152 153 153 153 153 153 153
44 44 44 44 44 44 44 44 44 44 44 44 44 44 44 44 44 44 44 44 44 44 44 44 17 44 44 44 44 44 44 44 44 44 44 44 44 44 44 44 44 44 44 152 153 153 153 153 153 153
44 44 44 44 44 44 44 44 44 44 50 44 44 44 44 44 44 44 44 44 44 44 44 44 17 44 44 44 44 44 44 44 44 44 44 44 44 44 44 44 44 44 44 152 153 153 153 153 153 153
44 44 44 48 44 44 44 44 44 44 44 44 44 44 44 44 44 44 44 44 44 44 44 44 17 44 44 44 44 44 44 44 44 44 44 44 44 44 44 44 44 44 44 152 153 153 153 153 153 153
44 44 44 44 44 44 44 44 44 44 44 44 44 44 44 44 51 44 44 44 44 44 44 44 29 30 30 44 44 44 44 44 44 44 44 44 44 44 44 44 44 44 44 152 153 153 153 153 153 153
44 44 44 44 44 44 44 44 48 44 44 44 44 44 48 44 44 44 44 44 44 44 44 44 44 44 44 44 44 44 44 44 44 44 44 44 44 44 44 44 44 44 44 152 153 153 153 153 153 153
44 44 44 44 44 44 44 44 44 44 44 44 44 44 44 44 44 44 44 44 44 44 44 44 44 44 44 44 44 44 44 44 44 44 44 44 44 44 44 44 44 44 44 152 153 153 153 153 153 153
