265 265 265 265 246 246 246 246 265 246 246 265 265 265 246 246 246 246 246 265 246 246 265 177 178 178 179 265 265 246 246 265 265 246 265 246 246 265 265 265 246 246 246 265 265 246 246 246 246 246
246 246 265 246 265 265 246 265 246 265 246 246 246 265 265 265 265 246 246 265 246 265 246 177 178 178 179 265 265 265 246 246 265 265 246 265 246 246 265 265 265 246 246 246 246 265 265 246 265 246
246 265 265 246 265 265 265 265 265 265 246 265 265 246 265 265 246 246 246 265 265 265 246 177 178 178 179 246 246 265 246 246 265 265 246 265 265 246 265 246 246 265 265 265 265 246 265 246 246 265
265 265 246 265 265 265 246 265 246 265 265 246 265 265 246 246 246 246 265 265 265 265 246 177 178 178 179 246 246 265 265 265 246 265 246 246 246 246 246 246 265 246 265 246 265 246 265 246 246 265
246 246 246 246 265 265 265 246 246 265 265 265 246 246 246 265 265 246 265 265 246 246 265 177 178 178 179 246 265 265 265 246 265 265 265 265 265 246 246 246 246 265 265 246 265 246 246 246 246 246
246 265 265 246 265 246 246 246 265 265 246 155 156 156 156 156 156 156 156 156 156 156 156 178 178 178 178 156 156 156 156 156 156 156 156 156 156 156 156 156 156 156 157 265 246 246 246 265 265 265
265 246 265 265 246 246 246 265 265 246 265 177 178 178 178 178 178 178 178 178 178 178 178 178 178 178 178 178 178 178 178 178 178 178 178 178 178 178 178 178 178 178 179 246 246 246 265 246 265 265
265 246 265 246 246 265 265 265 265 246 265 177 178 200 200 200 200 200 200 200 200 200 200 178 178 178 178 200 200 200 200 200 200 200 200 200 200 200 200 200 200 200 201 265 265 246 246 246 246 246
265 265 265 265 265 246 246 246 265 265 246 177 178 265 246 265 265 246 265 246 246 265 246 177 178 178 179 246 246 265 246 246 246 246 265 246 246 265 265 265 246 246 246 265 246 246 265 265 265 265
246 265 265 265 265 265 265 265 265 265 246 177 178 265 265 246 246 265 246 246 265 246 246 177 178 178 179 265 265 246 246 246 246 246 246 246 246 246 265 246 265 246 265 265 246 246 246 246 265 265
246 246 246 246 265 265 265 265 265 246 265 177 178 265 246 246 246 265 246 246 246 246 265 177 178 178 179 246 265 265 246 246 265 246 265 265 246 246 265 246 265 265 265 265 265 265 246 246 246 265
246 265 265 246 265 265 246 265 265 246 246 177 178 246 246 265 246 265 265 265 246 246 265 177 178 178 179 265 265 265 246 265 246 265 246 246 265 246 246 265 265 246 265 265 246 265 265 265 265 265
265 246 265 265 265 265 265 265 246 265 246 265 265 265 246 265 265 265 246 246 265 265 265 177 178 178 179 265 246 246 246 246 246 246 265 246 246 265 246 246 246 246 265 246 265 246 246 265 246 246
246 265 246 246 246 246 246 265 265 265 265 265 246 265 265 265 246 265 246 265 246 246 246 177 178 178 179 265 246 246 246 246 246 265 265 265 265 265 265 246 246 246 246 246 246 265 265 246 265 246
265 246 246 265 246 265 246 265 265 246 265 265 265 246 246 246 246 246 265 265 246 246 246 177 178 178 179 265 246 265 246 246 265 246 265 265 246 246 246 265 246 246 265 265 246 246 265 246 246 246
265 246 246 265 246 246 265 246 246 246 246 265 265 246 265 246 265 265 265 265 246 246 265 199 200 200 201 265 246 246 246 265 265 265 265 265 246 246 246 246 265 265 246 246 265 265 246 265 265 265
246 265 246 246 265 246 265 265 246 246 246 246 265 265 246 265 246 265 246 265 246 265 246 265 265 265 265 265 265 246 265 265 246 246 265 265 246 265 265 265 265 246 265 246 246 265 246 265 265 265
246 265 246 246 265 265 265 246 246 265 246 265 246 265 265 265 265 265 4 4 4 4 4 4 4 4 4 4 4 4 4 4 246 265 265 246 246 246 265 265 246 246 265 246 246 265 265 265 265 265
265 246 246 265 155 156 156 156 156 156 156 156 157 246 265 265 246 246 4 4 6 6 6 6 6 6 6 6 6 6 4 4 246 246 265 265 265 246 265 265 246 265 246 265 246 246 265 246 265 265
246 265 265 246 177 178 178 178 178 178 178 178 179 265 265 246 265 246 4 6 6 6 6 6 6 6 6 6 6 6 6 4 265 265 265 265 246 265 246 265 246 246 265 265 265 265 246 246 265 246
265 265 246 265 177 178 178 178 178 178 178 178 179 246 246 246 246 265 4 6 6 6 6 6 6 6 6 6 6 6 6 4 265 246 265 246 265 246 246 265 265 246 265 265 246 265 246 246 246 246
246 265 246 265 177 178 178 178 178 178 178 178 179 265 246 246 265 246 4 6 6 6 5 14 14 14 14 13 6 6 6 4 265 265 265 265 246 265 265 265 265 246 246 246 246 246 246 265 246 246
265 246 246 246 177 178 178 178 178 178 178 178 179 246 246 265 265 265 4 6 6 6 8 5 15 16 13 11 6 6 6 4 246 246 265 246 246 246 246 246 265 265 265 265 246 246 246 246 265 265
246 265 265 246 177 178 178 178 178 178 178 178 179 265 265 265 265 246 4 6 6 6 8 7 17 18 21 11 6 6 6 4 265 246 265 265 246 265 265 246 265 246 265 246 246 265 265 246 265 246
265 265 246 246 177 178 178 178 178 178 178 178 179 246 265 246 265 265 4 6 6 6 8 25 20 19 22 11 6 6 6 4 246 246 265 265 265 246 246 265 265 246 246 246 246 265 246 246 246 246
246 246 265 265 177 178 178 178 178 178 178 178 179 246 265 265 246 246 4 6 6 6 8 9 24 23 12 11 6 6 6 4 265 246 246 265 265 265 265 265 246 246 246 265 246 246 265 265 265 246
265 265 265 265 199 200 200 200 200 200 200 200 201 246 246 246 246 246 4 6 6 6 9 10 10 10 10 12 6 6 6 4 246 265 265 265 265 246 246 265 246 265 265 246 246 246 246 265 265 265
265 246 246 246 246 265 265 246 246 246 246 246 246 246 246 246 246 265 4 6 6 6 6 6 6 6 6 6 6 6 6 4 246 246 246 265 246 265 265 246 265 265 246 265 265 265 265 265 246 265
265 246 265 246 246 265 246 265 246 246 246 265 265 265 246 265 265 265 4 6 6 6 6 6 6 6 6 6 6 6 6 4 265 246 265 265 246 246 246 246 265 246 246 265 246 246 265 246 265 265
265 246 246 265 265 246 265 246 265 265 246 265 265 246 265 246 246 246 4 4 6 6 6 6 6 6 6 6 6 6 4 4 265 246 265 265 246 246 265 246 246 246 265 265 246 246 246 265 246 246
246 265 265 246 265 265 246 265 265 246 265 265 265 246 246 246 246 265 4 4 4 4 4 4 4 4 4 4 4 4 4 4 265 246 246 246 246 265 265 265 246 265 265 246 265 265 246 246 246 265
265 265 265 246 246 265 246 265 265 265 265 246 265 246 246 265 265 265 246 265 265 246 265 265 265 265 265 265 265 265 246 246 265 246 246 246 265 265 265 265 246 246 246 246 265 265 246 246 265 265
246 265 265 246 246 265 265 246 265 265 265 265 265 246 246 265 246 265 246 265 265 246 265 155 156 156 157 265 246 265 265 265 265 246 246 265 265 265 246 246 265 246 265 246 265 265 265 246 246 265
265 246 246 265 265 246 265 265 265 265 246 265 246 246 246 246 246 246 246 246 265 265 246 177 178 178 179 246 246 246 265 246 265 246 246 265 246 246 246 265 265 265 246 265 265 265 246 265 265 246
246 246 246 265 246 246 246 265 246 246 246 265 246 246 246 265 265 265 265 246 265 246 246 177 178 178 179 246 265 246 246 246 246 265 246 265 28 27 27 27 27 27 27 27 27 27 27 27 27 27
246 246 246 265 265 265 265 265 246 265 246 265 246 246 246 246 246 265 246 246 265 246 265 177 178 178 179 265 246 246 246 265 246 246 265 265 3 2 2 2 2 2 2 2 2 2 2 2 2 2
246 265 265 246 265 246 265 265 246 246 265 265 265 265 246 246 265 265 246 246 265 246 246 177 178 178 179 265 265 246 246 246 246 246 246 265 3 2 2 2 2 2 2 2 2 2 2 2 2 2
246 265 265 246 265 246 265 265 265 265 265 265 265 265 265 265 265 265 265 265 265 265 265 177 178 178 179 265 265 265 265 265 265 265 265 265 3 2 2 2 2 2 2 2 2 2 2 2 2 2
246 246 265 246 246 246 246 265 155 156 156 156 156 156 156 156 156 156 156 156 156 156 156 178 178 178 178 156 156 156 156 156 156 157 265 265 3 2 2 2 2 2 2 2 2 2 2 2 2 2
265 265 246 246 265 265 265 265 177 178 178 178 178 178 178 178 178 178 178 178 178 178 178 178 178 178 178 178 178 178 178 178 178 179 265 265 3 2 2 2 2 2 2 2 2 2 2 2 2 2
265 265 265 246 246 246 246 265 199 200 200 200 200 200 200 200 200 200 200 200 200 200 200 200 200 200 200 200 200 200 200 200 200 201 265 265 3 2 2 2 2 2 2 2 2 2 2 2 2 2
265 246 265 265 265 265 265 246 265 265 265 265 265 265 246 246 246 265 265 246 265 265 265 246 265 246 265 246 246 265 246 265 246 265 265 265 3 2 2 2 2 2 2 2 2 2 2 2 2 2
265 246 246 246 246 246 265 265 265 265 265 265 265 265 265 246 265 265 265 265 265 246 246 246 265 246 246 246 246 246 265 265 265 265 265 265 3 2 2 2 2 2 2 2 2 2 2 2 2 2
246 246 246 265 246 246 265 265 265 265 265 265 265 246 246 246 246 246 246 265 246 246 246 246 265 246 265 265 265 265 265 246 246 246 246 265 3 2 2 2 2 2 2 2 2 2 2 2 2 2
265 265 265 265 265 246 265 265 265 265 265 265 265 265 246 265 265 246 246 246 265 246 265 246 246 265 246 265 265 265 246 246 265 246 265 265 3 2 2 2 2 2 2 2 2 2 2 2 2 2
265 265 246 246 246 265 265 265 265 265 265 246 265 265 265 265 246 265 246 246 265 265 265 265 246 265 265 246 246 265 265 265 265 265 265 265 3 2 2 2 2 2 2 2 2 2 2 2 2 2
246 246 246 265 246 265 265 265 265 265 265 246 246 265 246 265 265 246 265 246 246 265 265 246 246 265 265 246 246 246 246 265 246 265 265 265 3 2 2 2 2 2 2 2 2 2 2 2 2 2
265 246 265 265 265 265 246 246 246 265 246 246 246 265 246 265 246 246 265 246 265 246 265 246 246 265 246 246 265 246 265 246 265 246 265 265 3 2 2 2 2 2 2 2 2 2 2 2 2 2
265 246 246 246 246 265 265 265 246 246 246 265 265 246 246 265 265 246 246 246 246 246 265 246 246 265 265 265 265 246 246 265 265 265 265 265 3 2 2 2 2 2 2 2 2 2 2 2 2 2
265 246 265 265 265 265 265 265 246 246 265 265 265 265 246 265 265 246 246 246 246 265 265 246 246 246 246 265 265 246 265 246 246 265 265 265 3 2 2 2 2 2 2 2 2 2 2 2 2 2
